Country,Confirmed,Deaths,Recovered,UN Region,GDP($),Percentage DC,Percentage RC
Afghanistan,89861,3527,61438,Asia,373,3.9249507572806888,68.37003817006266
Algeria,133388,3571,92966,Africa,3700,2.6771523675293127,69.69592467088493
Argentina,4124190,85343,3721350,Americas,10761,2.069327552804308,90.23226378998058
Australia,30365,911,26737,Oceania,66916,3.000164663263626,88.05203359130577
Austria,648620,10663,634624,Europe,53840,1.643951774536709,97.84218802997133
Bangladesh,826922,13118,766266,Asia,2450,1.5863648566612087,92.66484626119514
Barbados,4036,47,3979,Americas,17225,1.1645193260654112,98.58771060455896
Belarus,405663,2978,398743,Europe,7121,0.7341068818206244,98.29415056339869
Belgium,1076338,25205,31212,Europe,51166,2.341736517710979,2.8998325804719336
Bhutan,1813,1,1467,Asia,3063,0.05515719801434087,80.91560948703805
Bolivia,406954,15542,321665,Americas,3345,3.819104861974572,79.04210303867268
Bosnia and Herzegovina,204597,9490,177122,Europe,7143,4.638386682111664,86.57116184499284
Botswana,59480,896,55617,Africa,6805,1.5063887020847344,93.5053799596503
Brazil,17412766,487401,15400169,Americas,8170,2.799101532749019,88.44183055121742
Bulgaria,420336,17900,389495,Europe,12207,4.258497963533935,92.66277454227094
Cambodia,38427,335,31859,Asia,1608,0.8717828610091862,82.90785125042288
Canada,695869,10711,0,Americas,52112,1.539226492342668,0.0
Central African Republic,7101,98,6859,Africa,461,1.380087311646247,96.59202929164906
Chile,1476473,30707,1399187,Americas,16265,2.079753574904519,94.76549859022143
China,88307,4745,84711,Asia,12437,5.373299964895195,95.92784263988132
Colombia,3753224,95778,3543807,Americas,6104,2.551886058492645,94.42034368319077
Costa Rica,339900,4322,261195,Americas,12472,1.2715504560164754,76.84466019417475
Croatia,358563,8132,349244,Europe,16983,2.2679417563998516,97.40101460552259
Cyprus,73207,382,39061,Asia,32281,0.5218080238228584,53.35691942027402
Denmark,291920,2531,278470,Europe,68037,0.867018361194848,95.39257330775554
Dominica,189,0,188,Americas,7571,0.0,99.47089947089947
Dominican Republic,308650,3707,251689,Americas,8477,1.2010367730439009,81.5451158269885
Egypt,273182,15623,201044,Africa,3898,5.718898024027937,73.59342855678632
Ethiopia,274187,4242,250670,Africa,825,1.547119301790384,91.42300692593011
Finland,93829,975,46200,Europe,53703,1.0391243645354846,49.23850835029682
France,6106009,109914,345440,Europe,44229,1.8000956107336232,5.657377838781437
Gambia,6108,180,5813,Africa,772,2.9469548133595285,95.17026850032744
Georgia,353965,5048,339392,Asia,4975,1.4261297020891897,95.88292627802184
Germany,3723295,89881,3581340,Europe,51073,2.414017691319114,96.18738241262108
Ghana,94493,789,92620,Africa,2409,0.8349824854751146,98.01784259151472
Greece,414933,12419,93764,Europe,20571,2.9930133298628934,22.597383191985212
Haiti,16079,351,12573,Americas,1664,2.1829715778344423,78.19516139063374
Hungary,806790,29904,724614,Europe,18728,3.706540735507381,89.81444985684007
Iceland,6556,35,6514,Europe,69133,0.5338621110433192,99.35936546674802
India,29460523,370730,28089649,Asia,2274,1.258395854004357,95.34674248654717
Indonesia,1911358,52879,1745091,Asia,4333,2.766567016749348,91.3011063338213
Iran,3028717,82098,2652792,Asia,6766,2.7106527285315862,87.58797867215722
Iraq,1254643,16705,1172227,Asia,4686,1.3314544456072366,93.43111944991523
Ireland,266804,4960,23364,Europe,101109,1.8590425930645718,8.756990150072713
Israel,839747,6434,833200,Asia,54111,0.7661831480195821,99.2203604180783
Italy,4245020,127033,3958441,Europe,37150,2.9925182920221816,93.249054185846
Jamaica,49277,997,27542,Americas,5184,2.0232562858940275,55.89220122978266
Japan,775624,14024,741061,Asia,39650,1.808092580941281,95.54384598723092
Jordan,739957,9530,726308,Asia,4058,1.287912676006849,98.15543335626259
Kazakhstan,457474,3492,431131,Asia,10055,0.7633220685765748,94.24163996205249
Kenya,175337,3410,121791,Africa,2082,1.944826248880727,69.4610949200682
Kiribati,2,0,0,Oceania,1765,0.0,0.0
"Korea, South",148273,1988,139039,Asia,32138,1.3407700660268558,93.77229839552716
Kuwait,327963,1820,310095,Asia,32150,0.5549406487926992,94.55182444361103
Lebanon,542375,7790,526598,Asia,6785,1.436275639548283,97.0911269877852
Libya,189059,3164,174667,Africa,5791,1.6735516426089212,92.38756155485854
Lithuania,277746,4339,296084,Europe,23844,1.5622187178213187,106.60243531860046
Luxembourg,71754,820,74648,Europe,133745,1.142793433118711,104.03322462859212
Madagascar,41940,887,41112,Africa,500,2.1149260848831664,98.02575107296137
Malaysia,657508,3908,580276,Asia,11101,0.5943653917518874,88.25383113209269
Maldives,70301,197,60769,Asia,10366,0.2802236099059757,86.44116015419411
Marshall Islands,5,0,4,Oceania,6111,0.0,80.0
Mauritania,20073,475,19142,Africa,2166,2.3663627758680814,95.36192895929855
Mauritius,1675,18,1247,Africa,8873,1.0746268656716418,74.44776119402985
Mexico,2454176,230150,2058707,Americas,10046,9.377893028046888,83.88587452570638
Mongolia,76084,365,56947,Asia,4510,0.4797329267651543,74.84753693286368
Morocco,523890,9211,511126,Africa,3853,1.7581935139055909,97.56361068163164
Mozambique,71554,875,69881,Africa,492,1.2228526707102327,97.66190569360204
Namibia,65089,995,54535,Africa,4836,1.5286761203890058,83.78527861850696
Nepal,608473,8412,531105,Asia,1159,1.382477118951868,87.2848918522268
Netherlands,1675266,17781,2424,Europe,57871,1.0613836847402145,0.14469343972837748
New Zealand,2714,26,2658,Oceania,48824,0.9579955784819455,97.93662490788503
Nigeria,167066,2118,163463,Africa,2019,1.2677624411909065,97.84336729196845
North Macedonia,155536,5471,149628,Europe,6600,3.5175136302849497,96.20152247711141
Norway,128046,790,17998,Europe,89242,0.6169657779235587,14.055886165909126
Oman,234634,2513,210952,Asia,19509,1.071029774031044,89.90683362172575
Panama,387842,6444,371984,Americas,14618,1.6615013330170534,95.91122157992173
Paraguay,391436,10834,324961,Americas,6035,2.7677576921897833,83.01765805904412
Peru,2003625,188708,1964943,Americas,6622,9.418329278183293,98.06939921392475
Philippines,1315639,22790,1233463,Asia,3461,1.7322380987489732,93.75390969711296
Poland,2877469,74573,2648516,Europe,17736,2.5916178419298346,92.04325050938863
Portugal,857608,17047,815342,Europe,24651,1.9877379875187733,95.07164112275072
Qatar,219730,577,216983,Asia,66799,0.26259500295817595,98.74982933600329
Romania,1079726,31834,1044237,Europe,14698,2.948340597521964,96.71314759485277
Russia,5148499,124314,4745756,Europe,12259,2.4145678186982265,92.17746764639558
Saint Lucia,5179,80,4984,Americas,9824,1.5446997489862908,96.23479436184593
Samoa,3,0,3,Oceania,3919,0.0,100.0
San Marino,5118,90,4998,Europe,50425,1.7584994138335288,97.65533411488863
Saudi Arabia,465797,7572,448093,Asia,23186,1.625600851873241,96.19920265695143
Serbia,714891,6965,15738,Europe,8643,0.9742743998735471,2.2014544874673203
Seychelles,12973,46,11637,Africa,12085,0.3545825946195945,89.70168812148309
Singapore,62297,34,61869,Asia,66822,0.05457726696309614,99.31296852175868
Slovakia,391026,12440,255311,Europe,21390,3.1813741285745705,65.2925892395902
Slovenia,256443,4404,249232,Europe,29135,1.717340695593173,97.18806908357803
Somalia,14817,775,7043,Africa,447,5.2304785044205975,47.53323884727003
South Africa,1747082,57765,1606581,Africa,7055,3.306370279128284,91.95796190447844
South Sudan,10688,115,10514,Africa,400,1.0759730538922156,98.37200598802394
Spain,3818353,82421,150376,Europe,30058,2.1585484631724725,3.938242483081056
Sri Lanka,223638,2136,188550,Asia,3918,0.9551149625734445,84.3103587046924
Sweden,1083456,14826,0,Europe,60730,1.3683989012936382,0.0
Switzerland,700051,10989,317600,Europe,93525,1.5697427758834714,45.368123179596914
Syria,24814,1810,21675,Asia,925,7.294269364068671,87.34988313049085
Taiwan*,12924,437,1133,Asia,12437,3.381306097183535,8.76663571649644
Tajikistan,13308,91,13389,Asia,897,0.6837992185151788,100.60865644724977
Tanzania,509,21,183,Africa,1136,4.12573673870334,35.952848722986246
Thailand,195930,1449,26894,Asia,7067,0.7395498392282959,13.726330832440157
Tunisia,368908,13515,321485,Africa,3807,3.663515022715691,87.14503345007427
Turkey,5330447,48721,5202251,Asia,9661,0.914013402628335,97.595023456757
US,33461982,599769,6303715,Americas,75269,1.7923893450184751,18.83843879899284
Uganda,62082,428,48273,Africa,930,0.6894107792919043,77.75683773074321
Ukraine,2283746,53795,2182916,Europe,4596,2.3555596813305857,95.58488553455594
United Arab Emirates,597986,1726,577234,Asia,43295,0.2886355198951146,96.52968464144645
United Kingdom,4582386,128045,9407,Europe,46542,2.794286644555915,0.20528606712747463
Uruguay,338534,4995,300120,Americas,17313,1.4754795677834427,88.65283841504842
Uzbekistan,103510,708,99416,Asia,2032,0.6839918848420443,96.04482658680321
Venezuela,251686,2835,231558,Americas,3965,1.1264035345629078,92.00273356483872
Vietnam,10630,60,4050,Asia,3756,0.5644402634054563,38.0997177798683
West Bank and Gaza,311534,3533,303826,Asia,5745,1.1340656236558448,97.5257917273877
Yemen,6863,1349,3743,Asia,302,19.65612705813784,54.53883141483317
Zambia,111746,1389,97756,Africa,1095,1.2429975122152024,87.48053621606142
Zimbabwe,39965,1632,37004,Africa,1508,4.083573126485675,92.5910171399975
